2101082
5400844
3242721
2219953
0946305
3587682
8469460
0613642
0428104
2720636
2509762
7845487
5227842
2406095
9118396
4088308
7953677
9674029
7015469
5030368
2813786
0314663
3232077
0644920
6209339
9061521
1655829
3453692
2767927
5442375
1052187
2886580
5743210
0830131
8190372
3558803
1586162
3524389
4493026
7855049
8807224
5897452
8200273
2216313
5600125
6699097
7597178
8907942
6089595
5607080
2186935
8245752
5796081
2330486
5271362
3115750
9714485
3853269
3221341
7466675
3955369
4204619
4813498
7279337
6732030
4836334
1902515
9492764
5523811
9755362
7077643
7012388
4496498
6427193
0672280
7930402
7519838
2492228
0457282
8703905
0974664
1213464
0867798
6912520
5824330
3433392
9291625
0703475
1636695
0329994
7013931
4828229
6024085
2159346
0741606
0671808
7840635
9472928
7564146
3540406
6036095
5803208
2971571
7289748
1256608
1131523
2581688
0218757
3080911
5380538
5798236
1746727
6343336
1429305
1456888
7379609
8081580
7139889
8192309
6180379
0344373
7376213
9842595
3878724
4442052
7450967
5236815
4544651
0344473
1354940
2534225
4549931
2776353
8435340
6201130
0405712
4180279
5541257
0714176
3224326
9534196
3493144
4899538
1865528
4287753
0290339
3210740
9768863
7157476
2378380
5762969
3932523
4510369
0263062
3016912
6276005
5621489
3828630
1051949
1247311
4138964
2800230
2545651
9485478
6943740
3849206
6496584
7788122
8036599
0478260
0630659
2995993
6214443
7380331
5153606
8103339
2367865
9363598
2977469
6785632
7004069
8077920
9350152
3816985
1029121
9461627
0166654
7633483
5506770
4097010
0767557
5676503
6094253
1277871
4120788
4165306
3510736
1536748
5181959
5035860
8301341
9340217
3209673
4981150
8760527
1579410
6707197
6521432
2408112
4417209
3754619
0761744
8394240
2247751
5297897
0692551
2392754
3039255
1781118
4218632
2090296
1513934
7491125
2113659
3682496
4611905
8215992
9330793
4045924
8285613
7953321
0771819
8069181
9922644
4854649
5513626
4475780
9021405
8948898
4357370
8724958
3904716
2629861
0456612
7916488
1045040
5265295
7199772
3972062
1093288
0807532
6421887
6405208
2506503
2788543
7147688
8552433
9459405
3777625
1264849
2277758
5783395
7543378
7810207
4043885
7897452
7353918
8079160
1406790
7445832
8956465
7460824
8854719
4146164
3564873
3178481
7562447
7388084
9485862
0897914
5659348
0366167
6558355
5806256
5550509
6121245
2914255
0881620
2434723
5089820
3475298
6282773
9063770
4530326
8059103
3396954
4081445
5391068
6131491
5828569
9797447
1419501
5705653
6863874
8993341
8320947
3872145
5410300
1005115
6430071
6724555
0153150
5591142
5922811
5602603
8556478
5698902
7573031
2611914
7811608
3812788
0586328
4465438
9316940
2094370
6431162
6709077
2538366
7767940
1731569
2808945
2232069
6198401
3250708
8723782
0431063
9167567
4748073
1924860
3605269
1697250
5230866
7539617
1356331
8089994
2590247
5238678
3100766
6347644
9431959
6878185
6787201
2471017
7042199
5697114
3357269
8716703
9945124
9254554
1176791
9834508
4388043
0375451
8136393
0784281
0376645
3924241
6951415
3540052
0195431
9326030
4618963
4369322
8350784
6251164
0269643
3191959
3447630
1781581
6121601
2115007
3687314
7780460
4216660
8175207
0293717
2942121
7825946
1146407
0408433
8641257
2402404
4248632
3565409
7004812
1036682
1416348
7216323
9687554
6158186
5152474
2905619
0553383
3134279
6078831
8748806
2302566
0895595
2089430
8105875
5973179
4792847
4393672
1716358
0873824
2978076
2358478
4765139
2764450
2983062
2503425
9285982
6335983
4967476
3204506
5630383
0041528
6500166
2820691
9369851
4319609
6751601
4992710
9385708
9857023
1765661
1600154
3569982
8082242
1518255
5056500
0037003
3542424
2966986
3795781
5769338
9911469
4159570
2320373
5964718
0214649
1450584
7595509
5874056
8615394
2343187
3031322
3635852
5198728
8319735
9308285
3800595
9930182
8882448
8093044
9791832
0902273
5885859
5446201
3168892
1476308
1506697
9531972
6472496
4984075
4901444
2959938
4882034
1103495
8618907
0687310
8511478
4530504
6432979
1137315
2659339
4429166
8784354
0533774
3724016
5299371
0030629
4709689
9069851
1699067
1413248
5298190
5735291
3713993
9126118
5704800
9856950
0267701
1511832
7553579
3625702
4453174
9215241
3511259
5027321
0752212
9420894
8977797
4561543
4030121
6533134
5821466
5372272
4450675
8559189
4064026
0864046
9190122
6604874
0086186
0959334
8403017
6549318
4776339
6599382
2970667
3006650
6108016
3439659
3341239
6921323
2991823
2532257
0872298
7267335
4498922
3382371
7350495
5924813
4986107
1960711
1562237
0728815
1190501
1523199
0383801
1172353
8581279
5764791
6779103
6834636
0742077
9209663
7786736
3974905
7967726
7565784
2143059
3710807
7153386
5204005
9402577
3235809
2676751
8733869
7735561
7463070
2286992
6473884
8597418
5338213
5362793
8572851
2925145
8491764
3629293
1407587
6800359
7146024
8452632
6333356
9096444
4913085
7997850
7796189
8989912
7714470
8798852
9042908
2882057
9002799
0104997
2179717
2751191
7114557
0193761
5248322
3437815
4851085
9167446
8005313
6940136
3597060
5239583
8116401
9439358
7502202
7227335
9319573
0485717
4385313
5188953
6756252
7054914
9832185
2756409
9462756
6348995
9656705
9986202
0259112
9342073
9869732
9281208
4682209
7818832
7728747
2766801
4556465
4543483
7451399
8859458
2627395
2933748
7110943
7160760
7563342
4260487
7785165
4694112
8809053
9910320
8128223
9359937
8329665
5805396
0880459
9974470
5009464
6462428
4528931
0259107
0664768
9936313
4211936
6645368
8243470
7622058
2736970
9793849
2186383
3289554
1879136
0859671
8803987
9507449
1309030
0154373
9960238
9598268
9237475
1069586
8796430
2536105
4996920
0521606
6585770
2603089
9290142
0859814
5071033
5843958
9461895
9628570
6278000
4007772
2314387
2940806
8931008
0033676
2628026
8508183
2538902
5779945
9337041
3250537
3683068
5172050
0498330
2433924
4937545
2376102
1334132
1572002
7767508
6378472
6160925
4578763
6540853
6141062
1517083
2847561
1277201
9171728
1924498
9911755
9299088
8328524
9989958
5336365
5758373
6391870
5683828
1302809
7639008
0118015
4158013
7602407
6778831
1411341
4161935
8403870
7662107
6232512
8116394
2114186
6334524
0491084
3522410
9731337
3219342
2290987
1111591
0919376
3101188
0517298
3909082
8978977
1677628
6483533
3988641
2951179
7518669
5267999
8392521
5915822
9100362
3014378
2584919
9500668
9485889
9193916
7491706
9444421
1541419
4096872
8389003
5107494
4903403
8697285
3922333
1239586
2558073
7743038
4154175
0271657
0248530
7860164
6821157
1435060
6236912
0299589
8766854
0518996
2423860
9375936
4417608
9592310
5683310
9808593
8779702
7710583
8568491
0119637
9603055
5851760
0895906
8494776
2276942
4702515
8937347
1471612
3760454
7898458
8913253
7021673
1623719
5019648
7788563
7795360
1417112
8344071
5938959
1085977
3627240
0205371
6832793
1451024
5563321
4842049
5562249
9947294
7399453
1587390
3873723
9234336
3606639
0495949
4236589
8026662
2223420
9285633
2346448
1156139
7965649
6747053
9358184
7514525
6296302
7131733
1054316
9813733
3165244
5334278
0897638
2469733
8461143
6982989
8340954
0765848
8401196
5462297
7050546
3519262
2275211
1577909
0622663
1877869
6897090
2477255
2553267
7543964
9852077
5836458
5293329
2570505
5950661
3892357
3552243
0874471
8213151
6927412
4764371
8137687
5182361
6208406
1196024
9401517
9889080
3267476
1700546
9751113
2923880
6829497
5457983
1812421
8032420
5821258
6365041
7572227
9677568
0562996
1537543
3980682
1503124
4892849
8933645
4309012
2799035
3451393
6400959
1302809
9117051
9665814
0806026
6111871
3918024
6399653
9057641
5765692
1478847
4283865
5040083
1851309
6570843
1087144
7748826
3392354
0948378
8107402
1800098
9035623
9075437
8570369
3191971
7021004
2212484
5669942
3071205
1926202
1413540
6442614
0244091
0881491
5484753
4753978
1928981
9394147
4666580
7292582
6570971
8918569
4253267
4072308
2691788
0873899
9983090
7885801
7542997
0017317
9599898
2385005
9945791
1229522
9091661
4850303
4971525
9798822
4165766
8293559
8422760
6175496
0664011
9594535
5623889
0027021
2798820
5518077
0821093
1318088
1158765
5077818
8712266
5815697
0763576
4610608
8058271
2465174
6682902
4504619
4498613
5601648
8712511
0332606
7669489
1870878
2532081
3638551
9637825
0815365
4909851
7537805
5179689
3188499
0122800
